test_return_mean : 61.25
test_return_std : 5.482928049865327
test_ep_length_mean : 400.0
test_episode_completion_mean : 0.002500000000000001
return_mean : 55.546875
return_std : 26.12136917801927
ep_length_mean : 400.0
episode_completion_mean : 0.002500000000000001
