test_return_mean : 9.5
test_return_std : 1.9364916731037085
test_ep_length_mean : 400.0
test_episode_completion_mean : 0.002500000000000001
return_mean : 16.5234375
return_std : 5.532524350022668
ep_length_mean : 400.0
episode_completion_mean : 0.002500000000000001
