test_return_mean : 286.96875
test_return_std : 11.743307602098312
test_ep_length_mean : 400.0
test_episode_completion_mean : 0.002500000000000001
return_mean : 199.5859375
return_std : 111.78065346805812
ep_length_mean : 400.0
episode_completion_mean : 0.002460937500000001
