test_return_mean : 91.1875
test_return_std : 7.472606222062019
test_ep_length_mean : 400.0
test_episode_completion_mean : 0.002500000000000001
return_mean : 63.3125
return_std : 33.34683971158287
ep_length_mean : 400.0
episode_completion_mean : 0.002402343750000001
