test_return_mean : 222.65625
test_return_std : 8.589999181460962
test_ep_length_mean : 400.0
test_episode_completion_mean : 0.002500000000000001
return_mean : 184.796875
return_std : 67.66165358040236
ep_length_mean : 400.0
episode_completion_mean : 0.002500000000000001
