test_return_mean : 289.53125
test_return_std : 14.605188236975927
test_ep_length_mean : 400.0
test_episode_completion_mean : 0.002500000000000001
return_mean : 153.703125
return_std : 108.75900532937203
ep_length_mean : 400.0
episode_completion_mean : 0.002460937500000001
