test_return_mean : 5.90625
test_return_std : 1.1821425199611086
test_ep_length_mean : 400.0
test_episode_completion_mean : 0.002421875000000001
return_mean : 6.1796875
return_std : 1.966252756474546
ep_length_mean : 400.0
episode_completion_mean : 0.002441406250000001
