test_return_mean : 102.0
test_return_std : 0.0
test_ep_length_mean : 400.0
test_episode_completion_mean : 0.002500000000000001
return_mean : 81.7578125
return_std : 30.51632403673227
ep_length_mean : 400.0
episode_completion_mean : 0.002500000000000001
